0 2560.5835 0.0 1296.0 0.0 2595.227 1024.0 0.0 0.0 1.0 -1.0 0 0.0 0 -1.0 0.0 0.0 0.0 1.0 0.6 0.0 0.06089
1 2560.5835 0.0 1296.0 0.0 2595.227 1024.0 0.0 0.0 1.0 -0.98480785 0.17364818 0.0 -0.17364818 -0.98480785 0.0 0.0 0.0 1.0 0.5908847 0.10418891 0.06089
2 2560.5835 0.0 1296.0 0.0 2595.227 1024.0 0.0 0.0 1.0 -0.93969274 0.34201965 0.0 -0.34201965 -0.93969274 0.0 0.0 0.0 1.0 0.5638157 0.20521182 0.06089
3 2560.5835 0.0 1296.0 0.0 2595.227 1024.0 0.0 0.0 1.0 -0.86602557 0.4999996 0.0 -0.4999996 -0.86602557 0.0 0.0 0.0 1.0 0.51961535 0.29999977 0.06089
4 2560.5835 0.0 1296.0 0.0 2595.227 1024.0 0.0 0.0 1.0 -0.7660446 0.64278734 0.0 -0.64278734 -0.7660446 0.0 0.0 0.0 1.0 0.45962682 0.3856724 0.06089
5 2560.5835 0.0 1296.0 0.0 2595.227 1024.0 0.0 0.0 1.0 -0.6427877 0.76604426 0.0 -0.76604426 -0.6427877 0.0 0.0 0.0 1.0 0.38567272 0.4596266 0.06089
6 2560.5835 0.0 1296.0 0.0 2595.227 1024.0 0.0 0.0 1.0 -0.5000001 0.8660253 0.0 -0.8660253 -0.5000001 0.0 0.0 0.0 1.0 0.30000007 0.51961523 0.06089
7 2560.5835 0.0 1296.0 0.0 2595.227 1024.0 0.0 0.0 1.0 -0.3420204 0.93969256 0.0 -0.93969256 -0.3420204 0.0 0.0 0.0 1.0 0.20521222 0.56381553 0.06089
8 2560.5835 0.0 1296.0 0.0 2595.227 1024.0 0.0 0.0 1.0 -0.17364836 0.98480767 0.0 -0.98480767 -0.17364836 0.0 0.0 0.0 1.0 0.10418907 0.5908847 0.06089
9 2560.5835 0.0 1296.0 0.0 2595.227 1024.0 0.0 0.0 1.0 -1.1920929e-07 0.99999994 0.0 -0.99999994 -1.1920929e-07 0.0 0.0 0.0 1.0 1.500527e-07 0.6 0.06089
10 2560.5835 0.0 1296.0 0.0 2595.227 1024.0 0.0 0.0 1.0 0.17364782 0.9848078 0.0 -0.9848078 0.17364782 -0.0 -0.0 0.0 1.0 -0.104188696 0.5908847 0.06089
11 2560.5835 0.0 1296.0 0.0 2595.227 1024.0 0.0 0.0 1.0 0.34201986 0.93969274 0.0 -0.93969274 0.34201986 -0.0 -0.0 0.0 1.0 -0.20521185 0.56381565 0.06089
12 2560.5835 0.0 1296.0 0.0 2595.227 1024.0 0.0 0.0 1.0 0.49999976 0.8660255 0.0 -0.8660255 0.49999976 -0.0 -0.0 0.0 1.0 -0.29999983 0.51961535 0.06089
13 2560.5835 0.0 1296.0 0.0 2595.227 1024.0 0.0 0.0 1.0 0.64278734 0.76604474 0.0 -0.76604474 0.64278734 -0.0 -0.0 0.0 1.0 -0.38567245 0.45962685 0.06089
14 2560.5835 0.0 1296.0 0.0 2595.227 1024.0 0.0 0.0 1.0 0.7660442 0.64278793 0.0 -0.64278793 0.7660442 -0.0 -0.0 0.0 1.0 -0.45962656 0.38567275 0.06089
15 2560.5835 0.0 1296.0 0.0 2595.227 1024.0 0.0 0.0 1.0 0.8660253 0.5000001 0.0 -0.5000001 0.8660253 -0.0 -0.0 0.0 1.0 -0.5196152 0.3000002 0.06089
16 2560.5835 0.0 1296.0 0.0 2595.227 1024.0 0.0 0.0 1.0 0.9396925 0.3420204 0.0 -0.3420204 0.9396925 -0.0 -0.0 0.0 1.0 -0.5638156 0.20521228 0.06089
17 2560.5835 0.0 1296.0 0.0 2595.227 1024.0 0.0 0.0 1.0 0.9848076 0.17364903 0.0 -0.17364903 0.9848076 -0.0 -0.0 0.0 1.0 -0.5908846 0.10418909 0.06089
18 2560.5835 0.0 1296.0 0.0 2595.227 1024.0 0.0 0.0 1.0 1.0 0.0 0.0 0.0 1.0 0.0 0.0 0.0 1.0 -0.59999996 1.9148231e-07 0.06089
19 2560.5835 0.0 1296.0 0.0 2595.227 1024.0 0.0 0.0 1.0 0.98480785 -0.17364769 0.0 0.17364769 0.98480785 0.0 0.0 0.0 1.0 -0.5908847 -0.104188725 0.06089
20 2560.5835 0.0 1296.0 0.0 2595.227 1024.0 0.0 0.0 1.0 0.93969274 -0.34201974 0.0 0.34201974 0.93969274 0.0 0.0 0.0 1.0 -0.56381565 -0.20521192 0.06089
21 2560.5835 0.0 1296.0 0.0 2595.227 1024.0 0.0 0.0 1.0 0.86602557 -0.49999967 0.0 0.49999967 0.86602557 0.0 0.0 0.0 1.0 -0.51961535 -0.29999986 0.06089
22 2560.5835 0.0 1296.0 0.0 2595.227 1024.0 0.0 0.0 1.0 0.7660446 -0.6427874 0.0 0.6427874 0.7660446 0.0 0.0 0.0 1.0 -0.4596268 -0.38567245 0.06089
23 2560.5835 0.0 1296.0 0.0 2595.227 1024.0 0.0 0.0 1.0 0.6427877 -0.7660444 0.0 0.7660444 0.6427877 0.0 0.0 0.0 1.0 -0.38567272 -0.4596266 0.06089
24 2560.5835 0.0 1296.0 0.0 2595.227 1024.0 0.0 0.0 1.0 0.5000002 -0.86602527 0.0 0.86602527 0.5000002 0.0 0.0 0.0 1.0 -0.30000007 -0.5196152 0.06089
25 2560.5835 0.0 1296.0 0.0 2595.227 1024.0 0.0 0.0 1.0 0.3420204 -0.93969256 0.0 0.93969256 0.3420204 0.0 0.0 0.0 1.0 -0.20521218 -0.56381553 0.06089
26 2560.5835 0.0 1296.0 0.0 2595.227 1024.0 0.0 0.0 1.0 0.17364812 -0.9848078 0.0 0.9848078 0.17364812 0.0 0.0 0.0 1.0 -0.10418893 -0.5908846 0.06089
27 2560.5835 0.0 1296.0 0.0 2595.227 1024.0 0.0 0.0 1.0 1.7881393e-07 -0.99999994 0.0 0.99999994 1.7881393e-07 0.0 0.0 0.0 1.0 -1.0241295e-07 -0.6000001 0.06089
28 2560.5835 0.0 1296.0 0.0 2595.227 1024.0 0.0 0.0 1.0 -0.17364812 -0.9848078 0.0 0.9848078 -0.17364812 0.0 0.0 0.0 1.0 0.10418884 -0.5908846 0.06089
29 2560.5835 0.0 1296.0 0.0 2595.227 1024.0 0.0 0.0 1.0 -0.34202003 -0.9396927 0.0 0.9396927 -0.34202003 0.0 0.0 0.0 1.0 0.20521195 -0.56381565 0.06089
30 2560.5835 0.0 1296.0 0.0 2595.227 1024.0 0.0 0.0 1.0 -0.5 -0.8660255 0.0 0.8660255 -0.5 0.0 0.0 0.0 1.0 0.29999992 -0.5196153 0.06089
31 2560.5835 0.0 1296.0 0.0 2595.227 1024.0 0.0 0.0 1.0 -0.6427877 -0.76604444 0.0 0.76604444 -0.6427877 0.0 0.0 0.0 1.0 0.38567257 -0.45962667 0.06089
32 2560.5835 0.0 1296.0 0.0 2595.227 1024.0 0.0 0.0 1.0 -0.7660444 -0.6427875 0.0 0.6427875 -0.7660444 0.0 0.0 0.0 1.0 0.45962673 -0.38567254 0.06089
33 2560.5835 0.0 1296.0 0.0 2595.227 1024.0 0.0 0.0 1.0 -0.8660253 -0.5 0.0 0.5 -0.8660253 0.0 0.0 0.0 1.0 0.51961523 -0.30000004 0.06089
34 2560.5835 0.0 1296.0 0.0 2595.227 1024.0 0.0 0.0 1.0 -0.9396925 -0.34202027 0.0 0.34202027 -0.9396925 0.0 0.0 0.0 1.0 0.56381553 -0.20521218 0.06089
35 2560.5835 0.0 1296.0 0.0 2595.227 1024.0 0.0 0.0 1.0 -0.9848076 -0.17364845 0.0 0.17364845 -0.9848076 0.0 0.0 0.0 1.0 0.5908846 -0.10418907 0.06089
36 2560.5835 0.0 1296.0 0.0 2595.227 1024.0 0.0 0.0 1.0 -1.0 -8.62104e-07 0.0 8.62104e-07 -1.0 0.0 0.0 0.0 1.0 0.6 -5.1726244e-07 0.06089
