1 2560.5835 0.0 1296.0 0.0 2595.227 1024.0 0.0 0.0 1.0 -0.0 -0.0 -1.0 0.0 -1.0 0.0 -1.0 0.0 0.0 0.3 0.0 0.06089
2 2560.5835 0.0 1296.0 0.0 2595.227 1024.0 0.0 0.0 1.0 -0.0 0.17365 -0.98481 -0.0 -0.98481 -0.17365 -1.0 0.0 0.0 0.29544 0.05209 0.06089
3 2560.5835 0.0 1296.0 0.0 2595.227 1024.0 0.0 0.0 1.0 -0.0 0.34202 -0.93969 -0.0 -0.93969 -0.34202 -1.0 0.0 0.0 0.28191 0.10261 0.06089
4 2560.5835 0.0 1296.0 0.0 2595.227 1024.0 0.0 0.0 1.0 -0.0 0.5 -0.86603 -0.0 -0.86603 -0.5 -1.0 0.0 0.0 0.25981 0.15 0.06089
5 2560.5835 0.0 1296.0 0.0 2595.227 1024.0 0.0 0.0 1.0 -0.0 0.64279 -0.76604 -0.0 -0.76604 -0.64279 -1.0 0.0 0.0 0.22981 0.19284 0.06089
6 2560.5835 0.0 1296.0 0.0 2595.227 1024.0 0.0 0.0 1.0 -0.0 0.76604 -0.64279 -0.0 -0.64279 -0.76604 -1.0 0.0 0.0 0.19284 0.22981 0.06089
7 2560.5835 0.0 1296.0 0.0 2595.227 1024.0 0.0 0.0 1.0 -0.0 0.86603 -0.5 -0.0 -0.5 -0.86603 -1.0 0.0 0.0 0.15 0.25981 0.06089
8 2560.5835 0.0 1296.0 0.0 2595.227 1024.0 0.0 0.0 1.0 -0.0 0.93969 -0.34202 -0.0 -0.34202 -0.93969 -1.0 0.0 0.0 0.10261 0.28191 0.06089
9 2560.5835 0.0 1296.0 0.0 2595.227 1024.0 0.0 0.0 1.0 -0.0 0.98481 -0.17365 -0.0 -0.17365 -0.98481 -1.0 0.0 0.0 0.05209 0.29544 0.06089
10 2560.5835 0.0 1296.0 0.0 2595.227 1024.0 0.0 0.0 1.0 -0.0 1.0 -0.0 -0.0 -0.0 -1.0 -1.0 0.0 0.0 0.0 0.3 0.06089
11 2560.5835 0.0 1296.0 0.0 2595.227 1024.0 0.0 0.0 1.0 0.0 0.98481 0.17365 -0.0 0.17365 -0.98481 -1.0 0.0 0.0 -0.05209 0.29544 0.06089
12 2560.5835 0.0 1296.0 0.0 2595.227 1024.0 0.0 0.0 1.0 0.0 0.93969 0.34202 -0.0 0.34202 -0.93969 -1.0 0.0 0.0 -0.10261 0.28191 0.06089
13 2560.5835 0.0 1296.0 0.0 2595.227 1024.0 0.0 0.0 1.0 0.0 0.86603 0.5 -0.0 0.5 -0.86603 -1.0 0.0 0.0 -0.15 0.25981 0.06089
14 2560.5835 0.0 1296.0 0.0 2595.227 1024.0 0.0 0.0 1.0 0.0 0.76604 0.64279 -0.0 0.64279 -0.76604 -1.0 0.0 0.0 -0.19284 0.22981 0.06089
15 2560.5835 0.0 1296.0 0.0 2595.227 1024.0 0.0 0.0 1.0 0.0 0.64279 0.76604 -0.0 0.76604 -0.64279 -1.0 0.0 0.0 -0.22981 0.19284 0.06089
16 2560.5835 0.0 1296.0 0.0 2595.227 1024.0 0.0 0.0 1.0 0.0 0.5 0.86603 -0.0 0.86603 -0.5 -1.0 0.0 0.0 -0.25981 0.15 0.06089
17 2560.5835 0.0 1296.0 0.0 2595.227 1024.0 0.0 0.0 1.0 0.0 0.34202 0.93969 -0.0 0.93969 -0.34202 -1.0 0.0 0.0 -0.28191 0.10261 0.06089
18 2560.5835 0.0 1296.0 0.0 2595.227 1024.0 0.0 0.0 1.0 0.0 0.17365 0.98481 -0.0 0.98481 -0.17365 -1.0 0.0 0.0 -0.29544 0.05209 0.06089
19 2560.5835 0.0 1296.0 0.0 2595.227 1024.0 0.0 0.0 1.0 0.0 0.0 1.0 -0.0 1.0 -0.0 -1.0 0.0 0.0 -0.3 0.0 0.06089
20 2560.5835 0.0 1296.0 0.0 2595.227 1024.0 0.0 0.0 1.0 0.0 -0.17365 0.98481 0.0 0.98481 0.17365 -1.0 0.0 0.0 -0.29544 -0.05209 0.06089
21 2560.5835 0.0 1296.0 0.0 2595.227 1024.0 0.0 0.0 1.0 0.0 -0.34202 0.93969 0.0 0.93969 0.34202 -1.0 0.0 0.0 -0.28191 -0.10261 0.06089
22 2560.5835 0.0 1296.0 0.0 2595.227 1024.0 0.0 0.0 1.0 0.0 -0.5 0.86603 0.0 0.86603 0.5 -1.0 0.0 0.0 -0.25981 -0.15 0.06089
23 2560.5835 0.0 1296.0 0.0 2595.227 1024.0 0.0 0.0 1.0 0.0 -0.64279 0.76604 0.0 0.76604 0.64279 -1.0 0.0 0.0 -0.22981 -0.19284 0.06089
24 2560.5835 0.0 1296.0 0.0 2595.227 1024.0 0.0 0.0 1.0 0.0 -0.76604 0.64279 0.0 0.64279 0.76604 -1.0 0.0 0.0 -0.19284 -0.22981 0.06089
25 2560.5835 0.0 1296.0 0.0 2595.227 1024.0 0.0 0.0 1.0 0.0 -0.86603 0.5 0.0 0.5 0.86603 -1.0 0.0 0.0 -0.15 -0.25981 0.06089
26 2560.5835 0.0 1296.0 0.0 2595.227 1024.0 0.0 0.0 1.0 0.0 -0.93969 0.34202 0.0 0.34202 0.93969 -1.0 0.0 0.0 -0.10261 -0.28191 0.06089
27 2560.5835 0.0 1296.0 0.0 2595.227 1024.0 0.0 0.0 1.0 0.0 -0.98481 0.17365 0.0 0.17365 0.98481 -1.0 0.0 0.0 -0.05209 -0.29544 0.06089
28 2560.5835 0.0 1296.0 0.0 2595.227 1024.0 0.0 0.0 1.0 0.0 -1.0 0.0 0.0 0.0 1.0 -1.0 0.0 0.0 -0.0 -0.3 0.06089
29 2560.5835 0.0 1296.0 0.0 2595.227 1024.0 0.0 0.0 1.0 -0.0 -0.98481 -0.17365 0.0 -0.17365 0.98481 -1.0 0.0 0.0 0.05209 -0.29544 0.06089
30 2560.5835 0.0 1296.0 0.0 2595.227 1024.0 0.0 0.0 1.0 -0.0 -0.93969 -0.34202 0.0 -0.34202 0.93969 -1.0 0.0 0.0 0.10261 -0.28191 0.06089
31 2560.5835 0.0 1296.0 0.0 2595.227 1024.0 0.0 0.0 1.0 -0.0 -0.86603 -0.5 0.0 -0.5 0.86603 -1.0 0.0 0.0 0.15 -0.25981 0.06089
32 2560.5835 0.0 1296.0 0.0 2595.227 1024.0 0.0 0.0 1.0 -0.0 -0.76604 -0.64279 0.0 -0.64279 0.76604 -1.0 0.0 0.0 0.19284 -0.22981 0.06089
33 2560.5835 0.0 1296.0 0.0 2595.227 1024.0 0.0 0.0 1.0 -0.0 -0.64279 -0.76604 0.0 -0.76604 0.64279 -1.0 0.0 0.0 0.22981 -0.19284 0.06089
34 2560.5835 0.0 1296.0 0.0 2595.227 1024.0 0.0 0.0 1.0 -0.0 -0.5 -0.86603 0.0 -0.86603 0.5 -1.0 0.0 0.0 0.25981 -0.15 0.06089
35 2560.5835 0.0 1296.0 0.0 2595.227 1024.0 0.0 0.0 1.0 -0.0 -0.34202 -0.93969 0.0 -0.93969 0.34202 -1.0 0.0 0.0 0.28191 -0.10261 0.06089
36 2560.5835 0.0 1296.0 0.0 2595.227 1024.0 0.0 0.0 1.0 -0.0 -0.17365 -0.98481 0.0 -0.98481 0.17365 -1.0 0.0 0.0 0.29544 -0.05209 0.06089
