1 2560.5835 0.0 1296.0 0.0 2595.227 1024.0 0.0 0.0 1.0 -6.123233995736766e-17 -1.2246467991473532e-16 -1.0 7.498798913309288e-33 -1.0 1.2246467991473532e-16 -1.0 0.0 6.123233995736766e-17 0.6 0.0 0.06089
2 2560.5835 0.0 1296.0 0.0 2595.227 1024.0 0.0 0.0 1.0 -6.03020889983877e-17 0.1736476868391036 -0.9848078489303589 -1.0632854193342509e-17 -0.9848078489303589 -0.1736476868391036 -1.0 0.0 6.123233995736766e-17 0.5908847 0.10418891 0.06089
3 2560.5835 0.0 1296.0 0.0 2595.227 1024.0 0.0 0.0 1.0 -5.753958504613655e-17 0.3420197367668151 -0.9396927356719971 -2.094266879383502e-17 -0.9396927356719971 -0.3420197367668151 -1.0 0.0 6.123233995736766e-17 0.5638157 0.20521182 0.06089
4 2560.5835 0.0 1296.0 0.0 2595.227 1024.0 0.0 0.0 1.0 -5.3028771933668474e-17 0.4999996721744536 -0.8660255670547486 -3.061614990515853e-17 -0.8660255670547486 -0.4999996721744536 -1.0 0.0 6.123233995736766e-17 0.51961535 0.29999977 0.06089
5 2560.5835 0.0 1296.0 0.0 2595.227 1024.0 0.0 0.0 1.0 -4.6906704392237975e-17 0.6427873969078063 -0.7660446166992189 -3.935937640777021e-17 -0.7660446166992189 -0.6427873969078063 -1.0 0.0 6.123233995736766e-17 0.45962682 0.3856724 0.06089
6 2560.5835 0.0 1296.0 0.0 2595.227 1024.0 0.0 0.0 1.0 -3.9359394656429584e-17 0.7660443782806395 -0.6427876949310304 -4.690668979331047e-17 -0.6427876949310304 -0.7660443782806395 -1.0 0.0 6.123233995736766e-17 0.38567272 0.4596266 0.06089
7 2560.5835 0.0 1296.0 0.0 2595.227 1024.0 0.0 0.0 1.0 -3.0616180927879455e-17 0.8660252690315245 -0.5000001788139344 -5.30287536850091e-17 -0.5000001788139344 -0.8660252690315245 -1.0 0.0 6.123233995736766e-17 0.30000007 0.51961523 0.06089
8 2560.5835 0.0 1296.0 0.0 2595.227 1024.0 0.0 0.0 1.0 -2.0942708940885625e-17 0.9396925568580627 -0.3420203924179078 -5.753957409694094e-17 -0.3420203924179078 -0.9396925568580627 -1.0 0.0 6.123233995736766e-17 0.20521222 0.56381553 0.06089
9 2560.5835 0.0 1296.0 0.0 2595.227 1024.0 0.0 0.0 1.0 -1.0632898902557954e-17 0.9848076701164246 -0.1736484169960023 -6.030207804919209e-17 -0.1736484169960023 -0.9848076701164246 -1.0 0.0 6.123233995736766e-17 0.10418907 0.5908847 0.06089
10 2560.5835 0.0 1296.0 0.0 2595.227 1024.0 0.0 0.0 1.0 -2.189839123904794e-23 0.9999999403953552 -3.576278687748084e-07 -6.123233630763579e-17 -3.576278687748084e-07 -0.9999999403953552 -1.0 0.0 6.123233995736766e-17 1.500527e-07 0.6 0.06089
11 2560.5835 0.0 1296.0 0.0 2595.227 1024.0 0.0 0.0 1.0 1.0632858755507349e-17 0.9848077893257141 0.17364776134490956 -6.030208534865583e-17 0.17364776134490956 -0.9848077893257141 -1.0 0.0 6.123233995736766e-17 -0.104188696 0.5908847 0.06089
12 2560.5835 0.0 1296.0 0.0 2595.227 1024.0 0.0 0.0 1.0 2.094267244356689e-17 0.9396927356719971 0.34201979637145985 -5.753958504613655e-17 0.34201979637145985 -0.9396927356719971 -1.0 0.0 6.123233995736766e-17 -0.20521185 0.56381565 0.06089
13 2560.5835 0.0 1296.0 0.0 2595.227 1024.0 0.0 0.0 1.0 3.0616155379756334e-17 0.8660256266593934 0.4999997615814208 -5.3028775583400345e-17 0.4999997615814208 -0.8660256266593934 -1.0 0.0 6.123233995736766e-17 -0.29999983 0.51961535 0.06089
14 2560.5835 0.0 1296.0 0.0 2595.227 1024.0 0.0 0.0 1.0 3.935937275803834e-17 0.7660446763038636 0.6427873373031615 -4.6906708041969846e-17 0.6427873373031615 -0.7660446763038636 -1.0 0.0 6.123233995736766e-17 -0.38567245 0.45962685 0.06089
15 2560.5835 0.0 1296.0 0.0 2595.227 1024.0 0.0 0.0 1.0 4.6906682493846725e-17 0.6427878737449647 0.76604425907135 -3.93594056056252e-17 0.76604425907135 -0.6427878737449647 -1.0 0.0 6.123233995736766e-17 -0.45962656 0.38567275 0.06089
16 2560.5835 0.0 1296.0 0.0 2595.227 1024.0 0.0 0.0 1.0 5.302875733474097e-17 0.500000298023224 0.8660253286361693 -3.06161882273432e-17 0.8660253286361693 -0.500000298023224 -1.0 0.0 6.123233995736766e-17 -0.5196152 0.3000002 0.06089
17 2560.5835 0.0 1296.0 0.0 2595.227 1024.0 0.0 0.0 1.0 5.753957044720907e-17 0.3420204222202302 0.939692497253418 -2.094271076575156e-17 0.939692497253418 -0.3420204222202302 -1.0 0.0 6.123233995736766e-17 -0.5638156 0.20521228 0.06089
18 2560.5835 0.0 1296.0 0.0 2595.227 1024.0 0.0 0.0 1.0 6.030207439946022e-17 0.17364847660064708 0.9848076105117798 -1.0632902552289826e-17 0.9848076105117798 -0.17364847660064708 -1.0 0.0 6.123233995736766e-17 -0.5908846 0.10418909 0.06089
19 2560.5835 0.0 1296.0 0.0 2595.227 1024.0 0.0 0.0 1.0 6.123233995736766e-17 3.191372003444952e-07 1.0 -1.954151754453668e-23 1.0 -3.191372003444952e-07 -1.0 0.0 6.123233995736766e-17 -0.59999996 1.9148231e-07 0.06089
20 2560.5835 0.0 1296.0 0.0 2595.227 1024.0 0.0 0.0 1.0 6.03020889983877e-17 -0.1736478805541991 0.9848078489303589 1.0632866054971092e-17 0.9848078489303589 0.1736478805541991 -1.0 0.0 6.123233995736766e-17 -0.5908847 -0.104188725 0.06089
21 2560.5835 0.0 1296.0 0.0 2595.227 1024.0 0.0 0.0 1.0 5.753958504613655e-17 -0.3420198559761046 0.9396927356719971 2.0942676093298762e-17 0.9396927356719971 0.3420198559761046 -1.0 0.0 6.123233995736766e-17 -0.56381565 -0.20521192 0.06089
22 2560.5835 0.0 1296.0 0.0 2595.227 1024.0 0.0 0.0 1.0 5.3028771933668474e-17 -0.4999997317790984 0.8660255670547486 3.06161535548904e-17 0.8660255670547486 0.4999997317790984 -1.0 0.0 6.123233995736766e-17 -0.51961535 -0.29999986 0.06089
23 2560.5835 0.0 1296.0 0.0 2595.227 1024.0 0.0 0.0 1.0 4.6906704392237975e-17 -0.6427873969078063 0.7660446166992189 3.935937640777021e-17 0.7660446166992189 0.6427873969078063 -1.0 0.0 6.123233995736766e-17 -0.4596268 -0.38567245 0.06089
24 2560.5835 0.0 1296.0 0.0 2595.227 1024.0 0.0 0.0 1.0 3.9359394656429584e-17 -0.76604425907135 0.6427876949310304 4.6906682493846725e-17 0.6427876949310304 0.76604425907135 -1.0 0.0 6.123233995736766e-17 -0.38567272 -0.4596266 0.06089
25 2560.5835 0.0 1296.0 0.0 2595.227 1024.0 0.0 0.0 1.0 3.061617727814758e-17 -0.8660252690315245 0.5000001192092897 5.30287536850091e-17 0.5000001192092897 0.8660252690315245 -1.0 0.0 6.123233995736766e-17 -0.30000007 -0.5196152 0.06089
26 2560.5835 0.0 1296.0 0.0 2595.227 1024.0 0.0 0.0 1.0 2.0942694341958135e-17 -0.9396925568580627 0.3420201539993287 5.753957409694094e-17 0.3420201539993287 0.9396925568580627 -1.0 0.0 6.123233995736766e-17 -0.20521218 -0.56381553 0.06089
27 2560.5835 0.0 1296.0 0.0 2595.227 1024.0 0.0 0.0 1.0 1.0632895252826081e-17 -0.9848077893257141 0.17364835739135753 6.030208534865583e-17 0.17364835739135753 0.9848077893257141 -1.0 0.0 6.123233995736766e-17 -0.10418893 -0.5908846 0.06089
28 2560.5835 0.0 1296.0 0.0 2595.227 1024.0 0.0 0.0 1.0 7.299463751348513e-24 -0.9999999403953552 1.1920928967324594e-07 6.123233630763579e-17 1.1920928967324594e-07 0.9999999403953552 -1.0 0.0 6.123233995736766e-17 -1.0241295e-07 -0.6000001 0.06089
29 2560.5835 0.0 1296.0 0.0 2595.227 1024.0 0.0 0.0 1.0 -1.0632869704702965e-17 -0.9848077893257141 -0.17364794015884388 6.030208534865583e-17 -0.17364794015884388 0.9848077893257141 -1.0 0.0 6.123233995736766e-17 0.10418884 -0.5908846 0.06089
30 2560.5835 0.0 1296.0 0.0 2595.227 1024.0 0.0 0.0 1.0 -2.0942683392762507e-17 -0.9396926760673523 -0.3420199751853942 5.753958139640468e-17 -0.3420199751853942 0.9396926760673523 -1.0 0.0 6.123233995736766e-17 0.20521195 -0.56381565 0.06089
31 2560.5835 0.0 1296.0 0.0 2595.227 1024.0 0.0 0.0 1.0 -3.0616169978683824e-17 -0.8660253882408143 -0.4999999999999999 5.3028760984472855e-17 -0.4999999999999999 0.8660253882408143 -1.0 0.0 6.123233995736766e-17 0.29999992 -0.5196153 0.06089
32 2560.5835 0.0 1296.0 0.0 2595.227 1024.0 0.0 0.0 1.0 -3.935939465642957e-17 -0.7660443782806398 -0.6427876949310302 4.6906689793310485e-17 -0.6427876949310302 0.7660443782806398 -1.0 0.0 6.123233995736766e-17 0.38567257 -0.45962667 0.06089
33 2560.5835 0.0 1296.0 0.0 2595.227 1024.0 0.0 0.0 1.0 -4.6906693443042344e-17 -0.6427876353263856 -0.7660444378852843 3.935939100669771e-17 -0.7660444378852843 0.6427876353263856 -1.0 0.0 6.123233995736766e-17 0.45962673 -0.38567254 0.06089
34 2560.5835 0.0 1296.0 0.0 2595.227 1024.0 0.0 0.0 1.0 -5.302875733474097e-17 -0.5000001192092897 -0.8660253286361693 3.061617727814758e-17 -0.8660253286361693 0.5000001192092897 -1.0 0.0 6.123233995736766e-17 0.51961523 -0.30000004 0.06089
35 2560.5835 0.0 1296.0 0.0 2595.227 1024.0 0.0 0.0 1.0 -5.753957044720907e-17 -0.3420203924179078 -0.939692497253418 2.0942708940885625e-17 -0.939692497253418 0.3420203924179078 -1.0 0.0 6.123233995736766e-17 0.56381553 -0.20521218 0.06089
36 2560.5835 0.0 1296.0 0.0 2595.227 1024.0 0.0 0.0 1.0 -6.030207439946022e-17 -0.17364902794361126 -0.9848076105117798 1.063293631230964e-17 -0.9848076105117798 0.17364902794361126 -1.0 0.0 6.123233995736766e-17 0.5908846 -0.10418907 0.06089
37 2560.5835 0.0 1296.0 0.0 2595.227 1024.0 0.0 0.0 1.0 -6.123233995736766e-17 -1.2246467991473532e-16 -1.0 7.498798913309288e-33 -1.0 1.2246467991473532e-16 -1.0 0.0 6.123233995736766e-17 0.6 -5.1726244e-07 0.06089