1 6184.6816 0.0 1296.0 0.0 6696.8374 1024.0 0.0 0.0 1.0 -0.0 -0.0 -1.0 0.0 -1.0 0.0 -1.0 0.0 0.0 0.6 0.0 0.06089
2 6184.6816 0.0 1296.0 0.0 6696.8374 1024.0 0.0 0.0 1.0 -0.0 0.17365 -0.98481 -0.0 -0.98481 -0.17365 -1.0 0.0 0.0 0.59088 0.10419 0.06089
3 6184.6816 0.0 1296.0 0.0 6696.8374 1024.0 0.0 0.0 1.0 -0.0 0.34202 -0.93969 -0.0 -0.93969 -0.34202 -1.0 0.0 0.0 0.56382 0.20521 0.06089
4 6184.6816 0.0 1296.0 0.0 6696.8374 1024.0 0.0 0.0 1.0 -0.0 0.5 -0.86603 -0.0 -0.86603 -0.5 -1.0 0.0 0.0 0.51962 0.3 0.06089
5 6184.6816 0.0 1296.0 0.0 6696.8374 1024.0 0.0 0.0 1.0 -0.0 0.64279 -0.76604 -0.0 -0.76604 -0.64279 -1.0 0.0 0.0 0.45963 0.38567 0.06089
6 6184.6816 0.0 1296.0 0.0 6696.8374 1024.0 0.0 0.0 1.0 -0.0 0.76604 -0.64279 -0.0 -0.64279 -0.76604 -1.0 0.0 0.0 0.38567 0.45963 0.06089
7 6184.6816 0.0 1296.0 0.0 6696.8374 1024.0 0.0 0.0 1.0 -0.0 0.86603 -0.5 -0.0 -0.5 -0.86603 -1.0 0.0 0.0 0.3 0.51962 0.06089
8 6184.6816 0.0 1296.0 0.0 6696.8374 1024.0 0.0 0.0 1.0 -0.0 0.93969 -0.34202 -0.0 -0.34202 -0.93969 -1.0 0.0 0.0 0.20521 0.56382 0.06089
9 6184.6816 0.0 1296.0 0.0 6696.8374 1024.0 0.0 0.0 1.0 -0.0 0.98481 -0.17365 -0.0 -0.17365 -0.98481 -1.0 0.0 0.0 0.10419 0.59088 0.06089
10 6184.6816 0.0 1296.0 0.0 6696.8374 1024.0 0.0 0.0 1.0 -0.0 1.0 -0.0 -0.0 -0.0 -1.0 -1.0 0.0 0.0 0.0 0.6 0.06089
11 6184.6816 0.0 1296.0 0.0 6696.8374 1024.0 0.0 0.0 1.0 0.0 0.98481 0.17365 -0.0 0.17365 -0.98481 -1.0 0.0 0.0 -0.10419 0.59088 0.06089
12 6184.6816 0.0 1296.0 0.0 6696.8374 1024.0 0.0 0.0 1.0 0.0 0.93969 0.34202 -0.0 0.34202 -0.93969 -1.0 0.0 0.0 -0.20521 0.56382 0.06089
13 6184.6816 0.0 1296.0 0.0 6696.8374 1024.0 0.0 0.0 1.0 0.0 0.86603 0.5 -0.0 0.5 -0.86603 -1.0 0.0 0.0 -0.3 0.51962 0.06089
14 6184.6816 0.0 1296.0 0.0 6696.8374 1024.0 0.0 0.0 1.0 0.0 0.76604 0.64279 -0.0 0.64279 -0.76604 -1.0 0.0 0.0 -0.38567 0.45963 0.06089
15 6184.6816 0.0 1296.0 0.0 6696.8374 1024.0 0.0 0.0 1.0 0.0 0.64279 0.76604 -0.0 0.76604 -0.64279 -1.0 0.0 0.0 -0.45963 0.38567 0.06089
16 6184.6816 0.0 1296.0 0.0 6696.8374 1024.0 0.0 0.0 1.0 0.0 0.5 0.86603 -0.0 0.86603 -0.5 -1.0 0.0 0.0 -0.51962 0.3 0.06089
17 6184.6816 0.0 1296.0 0.0 6696.8374 1024.0 0.0 0.0 1.0 0.0 0.34202 0.93969 -0.0 0.93969 -0.34202 -1.0 0.0 0.0 -0.56382 0.20521 0.06089
18 6184.6816 0.0 1296.0 0.0 6696.8374 1024.0 0.0 0.0 1.0 0.0 0.17365 0.98481 -0.0 0.98481 -0.17365 -1.0 0.0 0.0 -0.59088 0.10419 0.06089
19 6184.6816 0.0 1296.0 0.0 6696.8374 1024.0 0.0 0.0 1.0 0.0 0.0 1.0 -0.0 1.0 -0.0 -1.0 0.0 0.0 -0.6 0.0 0.06089
20 6184.6816 0.0 1296.0 0.0 6696.8374 1024.0 0.0 0.0 1.0 0.0 -0.17365 0.98481 0.0 0.98481 0.17365 -1.0 0.0 0.0 -0.59088 -0.10419 0.06089
21 6184.6816 0.0 1296.0 0.0 6696.8374 1024.0 0.0 0.0 1.0 0.0 -0.34202 0.93969 0.0 0.93969 0.34202 -1.0 0.0 0.0 -0.56382 -0.20521 0.06089
22 6184.6816 0.0 1296.0 0.0 6696.8374 1024.0 0.0 0.0 1.0 0.0 -0.5 0.86603 0.0 0.86603 0.5 -1.0 0.0 0.0 -0.51962 -0.3 0.06089
23 6184.6816 0.0 1296.0 0.0 6696.8374 1024.0 0.0 0.0 1.0 0.0 -0.64279 0.76604 0.0 0.76604 0.64279 -1.0 0.0 0.0 -0.45963 -0.38567 0.06089
24 6184.6816 0.0 1296.0 0.0 6696.8374 1024.0 0.0 0.0 1.0 0.0 -0.76604 0.64279 0.0 0.64279 0.76604 -1.0 0.0 0.0 -0.38567 -0.45963 0.06089
25 6184.6816 0.0 1296.0 0.0 6696.8374 1024.0 0.0 0.0 1.0 0.0 -0.86603 0.5 0.0 0.5 0.86603 -1.0 0.0 0.0 -0.3 -0.51962 0.06089
26 6184.6816 0.0 1296.0 0.0 6696.8374 1024.0 0.0 0.0 1.0 0.0 -0.93969 0.34202 0.0 0.34202 0.93969 -1.0 0.0 0.0 -0.20521 -0.56382 0.06089
27 6184.6816 0.0 1296.0 0.0 6696.8374 1024.0 0.0 0.0 1.0 0.0 -0.98481 0.17365 0.0 0.17365 0.98481 -1.0 0.0 0.0 -0.10419 -0.59088 0.06089
28 6184.6816 0.0 1296.0 0.0 6696.8374 1024.0 0.0 0.0 1.0 0.0 -1.0 0.0 0.0 0.0 1.0 -1.0 0.0 0.0 -0.0 -0.6 0.06089
29 6184.6816 0.0 1296.0 0.0 6696.8374 1024.0 0.0 0.0 1.0 -0.0 -0.98481 -0.17365 0.0 -0.17365 0.98481 -1.0 0.0 0.0 0.10419 -0.59088 0.06089
30 6184.6816 0.0 1296.0 0.0 6696.8374 1024.0 0.0 0.0 1.0 -0.0 -0.93969 -0.34202 0.0 -0.34202 0.93969 -1.0 0.0 0.0 0.20521 -0.56382 0.06089
31 6184.6816 0.0 1296.0 0.0 6696.8374 1024.0 0.0 0.0 1.0 -0.0 -0.86603 -0.5 0.0 -0.5 0.86603 -1.0 0.0 0.0 0.3 -0.51962 0.06089
32 6184.6816 0.0 1296.0 0.0 6696.8374 1024.0 0.0 0.0 1.0 -0.0 -0.76604 -0.64279 0.0 -0.64279 0.76604 -1.0 0.0 0.0 0.38567 -0.45963 0.06089
33 6184.6816 0.0 1296.0 0.0 6696.8374 1024.0 0.0 0.0 1.0 -0.0 -0.64279 -0.76604 0.0 -0.76604 0.64279 -1.0 0.0 0.0 0.45963 -0.38567 0.06089
34 6184.6816 0.0 1296.0 0.0 6696.8374 1024.0 0.0 0.0 1.0 -0.0 -0.5 -0.86603 0.0 -0.86603 0.5 -1.0 0.0 0.0 0.51962 -0.3 0.06089
35 6184.6816 0.0 1296.0 0.0 6696.8374 1024.0 0.0 0.0 1.0 -0.0 -0.34202 -0.93969 0.0 -0.93969 0.34202 -1.0 0.0 0.0 0.56382 -0.20521 0.06089
36 6184.6816 0.0 1296.0 0.0 6696.8374 1024.0 0.0 0.0 1.0 -0.0 -0.17365 -0.98481 0.0 -0.98481 0.17365 -1.0 0.0 0.0 0.59088 -0.10419 0.06089
37 6184.6816 0.0 1296.0 0.0 6696.8374 1024.0 0.0 0.0 1.0 -0.0 -0.0 -1.0 0.0 -1.0 0.0 -1.0 0.0 0.0 0.6 0.0 0.06089