1 6184.6816 0.0 1296.0 0.0 6696.8374 1024.0 0.0 0.0 1.0 0.0 0.0 -1.0 -1.0 0.0 0.0 0.0 1.0 0.0 -0.0 -0.0 0.06089 0.6 -0.0 -0.0 -0.0 -0.0 -0.0
2 6184.6816 0.0 1296.0 0.0 6696.8374 1024.0 0.0 0.0 1.0 -0.0 0.0 -1.0 -0.98481 -0.17365 0.0 -0.17365 0.98481 0.0 0.0 -0.0 0.06089 0.58191 0.01809 -0.0 0.10261 -0.10261 -0.0
3 6184.6816 0.0 1296.0 0.0 6696.8374 1024.0 0.0 0.0 1.0 -0.0 0.0 -1.0 -0.93969 -0.34202 0.0 -0.34202 0.93969 0.0 0.0 -0.0 0.06089 0.52981 0.07019 -0.0 0.19284 -0.19284 -0.0
4 6184.6816 0.0 1296.0 0.0 6696.8374 1024.0 0.0 0.0 1.0 -0.0 0.0 -1.0 -0.86603 -0.5 0.0 -0.5 0.86603 0.0 0.0 -0.0 0.06089 0.45 0.15 -0.0 0.25981 -0.25981 -0.0
5 6184.6816 0.0 1296.0 0.0 6696.8374 1024.0 0.0 0.0 1.0 -0.0 0.0 -1.0 -0.76604 -0.64279 0.0 -0.64279 0.76604 0.0 0.0 -0.0 0.06089 0.35209 0.24791 -0.0 0.29544 -0.29544 -0.0
6 6184.6816 0.0 1296.0 0.0 6696.8374 1024.0 0.0 0.0 1.0 -0.0 0.0 -1.0 -0.64279 -0.76604 0.0 -0.76604 0.64279 0.0 0.0 -0.0 0.06089 0.24791 0.35209 -0.0 0.29544 -0.29544 -0.0
7 6184.6816 0.0 1296.0 0.0 6696.8374 1024.0 0.0 0.0 1.0 -0.0 0.0 -1.0 -0.5 -0.86603 0.0 -0.86603 0.5 0.0 0.0 -0.0 0.06089 0.15 0.45 -0.0 0.25981 -0.25981 -0.0
8 6184.6816 0.0 1296.0 0.0 6696.8374 1024.0 0.0 0.0 1.0 -0.0 0.0 -1.0 -0.34202 -0.93969 0.0 -0.93969 0.34202 0.0 0.0 -0.0 0.06089 0.07019 0.52981 -0.0 0.19284 -0.19284 -0.0
9 6184.6816 0.0 1296.0 0.0 6696.8374 1024.0 0.0 0.0 1.0 -0.0 0.0 -1.0 -0.17365 -0.98481 0.0 -0.98481 0.17365 0.0 0.0 -0.0 0.06089 0.01809 0.58191 -0.0 0.10261 -0.10261 -0.0
10 6184.6816 0.0 1296.0 0.0 6696.8374 1024.0 0.0 0.0 1.0 -0.0 0.0 -1.0 -0.0 -1.0 0.0 -1.0 0.0 0.0 0.0 -0.0 0.06089 0.0 0.6 -0.0 0.0 -0.0 -0.0
11 6184.6816 0.0 1296.0 0.0 6696.8374 1024.0 0.0 0.0 1.0 -0.0 -0.0 -1.0 0.17365 -0.98481 0.0 -0.98481 -0.17365 0.0 -0.0 0.0 0.06089 0.01809 0.58191 -0.0 -0.10261 0.10261 -0.0
12 6184.6816 0.0 1296.0 0.0 6696.8374 1024.0 0.0 0.0 1.0 -0.0 -0.0 -1.0 0.34202 -0.93969 0.0 -0.93969 -0.34202 0.0 -0.0 0.0 0.06089 0.07019 0.52981 -0.0 -0.19284 0.19284 -0.0
13 6184.6816 0.0 1296.0 0.0 6696.8374 1024.0 0.0 0.0 1.0 -0.0 -0.0 -1.0 0.5 -0.86603 0.0 -0.86603 -0.5 0.0 -0.0 0.0 0.06089 0.15 0.45 -0.0 -0.25981 0.25981 -0.0
14 6184.6816 0.0 1296.0 0.0 6696.8374 1024.0 0.0 0.0 1.0 -0.0 -0.0 -1.0 0.64279 -0.76604 0.0 -0.76604 -0.64279 0.0 -0.0 0.0 0.06089 0.24791 0.35209 -0.0 -0.29544 0.29544 -0.0
15 6184.6816 0.0 1296.0 0.0 6696.8374 1024.0 0.0 0.0 1.0 -0.0 -0.0 -1.0 0.76604 -0.64279 0.0 -0.64279 -0.76604 0.0 -0.0 0.0 0.06089 0.35209 0.24791 -0.0 -0.29544 0.29544 -0.0
16 6184.6816 0.0 1296.0 0.0 6696.8374 1024.0 0.0 0.0 1.0 -0.0 -0.0 -1.0 0.86603 -0.5 0.0 -0.5 -0.86603 0.0 -0.0 0.0 0.06089 0.45 0.15 -0.0 -0.25981 0.25981 -0.0
17 6184.6816 0.0 1296.0 0.0 6696.8374 1024.0 0.0 0.0 1.0 -0.0 -0.0 -1.0 0.93969 -0.34202 0.0 -0.34202 -0.93969 0.0 -0.0 0.0 0.06089 0.52981 0.07019 -0.0 -0.19284 0.19284 -0.0
18 6184.6816 0.0 1296.0 0.0 6696.8374 1024.0 0.0 0.0 1.0 -0.0 -0.0 -1.0 0.98481 -0.17365 0.0 -0.17365 -0.98481 0.0 -0.0 0.0 0.06089 0.58191 0.01809 -0.0 -0.10261 0.10261 -0.0
19 6184.6816 0.0 1296.0 0.0 6696.8374 1024.0 0.0 0.0 1.0 -0.0 -0.0 -1.0 1.0 -0.0 0.0 -0.0 -1.0 0.0 -0.0 0.0 0.06089 0.6 0.0 -0.0 -0.0 0.0 -0.0
20 6184.6816 0.0 1296.0 0.0 6696.8374 1024.0 0.0 0.0 1.0 0.0 -0.0 -1.0 0.98481 0.17365 0.0 0.17365 -0.98481 0.0 0.0 -0.0 0.06089 0.58191 0.01809 -0.0 0.10261 -0.10261 -0.0
21 6184.6816 0.0 1296.0 0.0 6696.8374 1024.0 0.0 0.0 1.0 0.0 -0.0 -1.0 0.93969 0.34202 0.0 0.34202 -0.93969 0.0 0.0 -0.0 0.06089 0.52981 0.07019 -0.0 0.19284 -0.19284 -0.0
22 6184.6816 0.0 1296.0 0.0 6696.8374 1024.0 0.0 0.0 1.0 0.0 -0.0 -1.0 0.86603 0.5 0.0 0.5 -0.86603 0.0 0.0 -0.0 0.06089 0.45 0.15 -0.0 0.25981 -0.25981 -0.0
23 6184.6816 0.0 1296.0 0.0 6696.8374 1024.0 0.0 0.0 1.0 0.0 -0.0 -1.0 0.76604 0.64279 0.0 0.64279 -0.76604 0.0 0.0 -0.0 0.06089 0.35209 0.24791 -0.0 0.29544 -0.29544 -0.0
24 6184.6816 0.0 1296.0 0.0 6696.8374 1024.0 0.0 0.0 1.0 0.0 -0.0 -1.0 0.64279 0.76604 0.0 0.76604 -0.64279 0.0 0.0 -0.0 0.06089 0.24791 0.35209 -0.0 0.29544 -0.29544 -0.0
25 6184.6816 0.0 1296.0 0.0 6696.8374 1024.0 0.0 0.0 1.0 0.0 -0.0 -1.0 0.5 0.86603 0.0 0.86603 -0.5 0.0 0.0 -0.0 0.06089 0.15 0.45 -0.0 0.25981 -0.25981 -0.0
26 6184.6816 0.0 1296.0 0.0 6696.8374 1024.0 0.0 0.0 1.0 0.0 -0.0 -1.0 0.34202 0.93969 0.0 0.93969 -0.34202 0.0 0.0 -0.0 0.06089 0.07019 0.52981 -0.0 0.19284 -0.19284 -0.0
27 6184.6816 0.0 1296.0 0.0 6696.8374 1024.0 0.0 0.0 1.0 0.0 -0.0 -1.0 0.17365 0.98481 0.0 0.98481 -0.17365 0.0 0.0 -0.0 0.06089 0.01809 0.58191 -0.0 0.10261 -0.10261 -0.0
28 6184.6816 0.0 1296.0 0.0 6696.8374 1024.0 0.0 0.0 1.0 0.0 -0.0 -1.0 0.0 1.0 0.0 1.0 -0.0 0.0 0.0 -0.0 0.06089 0.0 0.6 -0.0 0.0 -0.0 -0.0
29 6184.6816 0.0 1296.0 0.0 6696.8374 1024.0 0.0 0.0 1.0 0.0 0.0 -1.0 -0.17365 0.98481 0.0 0.98481 0.17365 0.0 -0.0 0.0 0.06089 0.01809 0.58191 -0.0 -0.10261 0.10261 -0.0
30 6184.6816 0.0 1296.0 0.0 6696.8374 1024.0 0.0 0.0 1.0 0.0 0.0 -1.0 -0.34202 0.93969 0.0 0.93969 0.34202 0.0 -0.0 0.0 0.06089 0.07019 0.52981 -0.0 -0.19284 0.19284 -0.0
31 6184.6816 0.0 1296.0 0.0 6696.8374 1024.0 0.0 0.0 1.0 0.0 0.0 -1.0 -0.5 0.86603 0.0 0.86603 0.5 0.0 -0.0 0.0 0.06089 0.15 0.45 -0.0 -0.25981 0.25981 -0.0
32 6184.6816 0.0 1296.0 0.0 6696.8374 1024.0 0.0 0.0 1.0 0.0 0.0 -1.0 -0.64279 0.76604 0.0 0.76604 0.64279 0.0 -0.0 0.0 0.06089 0.24791 0.35209 -0.0 -0.29544 0.29544 -0.0
33 6184.6816 0.0 1296.0 0.0 6696.8374 1024.0 0.0 0.0 1.0 0.0 0.0 -1.0 -0.76604 0.64279 0.0 0.64279 0.76604 0.0 -0.0 0.0 0.06089 0.35209 0.24791 -0.0 -0.29544 0.29544 -0.0
34 6184.6816 0.0 1296.0 0.0 6696.8374 1024.0 0.0 0.0 1.0 0.0 0.0 -1.0 -0.86603 0.5 0.0 0.5 0.86603 0.0 -0.0 0.0 0.06089 0.45 0.15 -0.0 -0.25981 0.25981 -0.0
35 6184.6816 0.0 1296.0 0.0 6696.8374 1024.0 0.0 0.0 1.0 0.0 0.0 -1.0 -0.93969 0.34202 0.0 0.34202 0.93969 0.0 -0.0 0.0 0.06089 0.52981 0.07019 -0.0 -0.19284 0.19284 -0.0
36 6184.6816 0.0 1296.0 0.0 6696.8374 1024.0 0.0 0.0 1.0 0.0 0.0 -1.0 -0.98481 0.17365 0.0 0.17365 0.98481 0.0 -0.0 0.0 0.06089 0.58191 0.01809 -0.0 -0.10261 0.10261 -0.0
37 6184.6816 0.0 1296.0 0.0 6696.8374 1024.0 0.0 0.0 1.0 0.0 0.0 -1.0 -1.0 0.0 0.0 0.0 1.0 0.0 -0.0 0.0 0.06089 0.6 0.0 -0.0 -0.0 0.0 -0.0
